0000000000000000000000000
0001100000000000000000000
0010000000000000000000000
0011100000000000000000000
0100000000000000000000000
0101100000000000000000000
0110000000000000000000000
0111100000000000000000000
0000001111111111111100001
0001000111111111111100001
0010001111111111111100001
0011000111111111111100001
0100001111111111111100001
0101000111111111111100001
0110001111111111111100001
0111000111111111111100001
0000000000000000011100010
0001001000000000000000010
0010000000000000011100010
0011001000000000000000010
0100000000000000011100010
0101001000000000000000010
0110000000000000011100010
0111001000000000000000010
1000000010000010000000011
1000100010000010000000100
1001000010000010000000101
1001100010000010000000110
1010000010000010000000111
1010100010000010000001000
1011000010000010000001001
1011100010000010000001010
1100000001000100000001011
1100000010000100000001100
1100000011000000000001101
1100000100000010000001110
1100000101000010000001111
1100000110000000000010000
1100000111000010000010001
1100001000000010000010010
1100001001000010000010011
1100001010000010000010100
1100001011000010000010101
1100001100000001010110110
1100001101000100000110111
1100001110000100000111000
1100001111000100000111001
1100001100000001010111010
1100001100000001010111011
1100001100000001010111100
1100001100000001010111101
1100001100000001010111110
1100001100000001010111111
1100000000000000000000000
1100000000000000000000000
1100000000000000000000000
1100000000000000000000000
1100000000000000000000000
1100000000000000000000000
1100000000000000000000000
1100000000000000000000000
1100000000000000000000000
1100000000000000000000000
1100000000000000000000000