10000000000000000000000000000000100000000000000000000000000000001000000000000000000000000000000010000000000000000000000000000000
00011111111111110011111111111111000111111111111100111111111111110001111111111111001111111111111100011111111111110011111111111111
00100000000000000000000000000111001000000000000000000000000001110010000000000000000000000000011100100000000000000000000000000111
10000000000000011011111111111001100000000000000110111111111110011000000000000001101111111111100110000000000000011011111111111001
10000011111111111110000000000000100000111111111111100000000000001000001111111111111000000000000010000011111111111110000000000000
10000000000000000000000000000000100000000000000000000000000000001000000000000000000000000000000010000000000000000000000000000000
10000000000000000000000000000000100000000000000000000000000000001000000000000000000000000000000010000000000000000000000000000000
10000011111111111110100000000001001111111111101010111111111110011000001111111111111010000000000100111111111110101011111111111001
10000011111111111110100000000001001111111111101010111111111110011000001111111111111010000000000100111111111110101011111111111001
10000000000000000000000000000000000000000000000000000000000000001000000000000000000000000000000000000000000000000000000000000000
10000000000000000000000000000000000000000000000000000000000000001000000000000000000000000000000000000000000000000000000000000000
00100000000000000000000000000000001000000000000000000000000000000010000000000000000000000000000000100000000000000000000000000000
10100000000000000000000000000111101000000000000000000000000001111010000000000000000000000000011110100000000000000000000000000111
00000000000000010000000000000000000000000000000100000000000000000000000000000001000000000000000000000000000000010000000000000000
10011111111111110011111111111111100111111111111100111111111111111001111111111111001111111111111110011111111111110011111111111111
10011111111111110011111111111111100111111111111100111111111111111001111111111111001111111111111110011111111111110011111111111111
10000000000000000000000000000000100000000000000000000000000000001000000000000000000000000000000010000000000000000000000000000000
00011111111111110011111111111111000111111111111100111111111111110001111111111111001111111111111100011111111111110011111111111111
10000000000000000000000000000000100000000000000000000000000000001000000000000000000000000000000010000000000000000000000000000000
00000000000000000000000000000000000000000000000000000000000000000000000000000000000000000000000000000000000000000000000000000000
10000000000000000000000000000000100000000000000000000000000000001000000000000000000000000000000010000000000000000000000000000000
00000000000000000000000000000000000000000000000000000000000000000000000000000000000000000000000000000000000000000000000000000000
11111111111111111111111111111111111111111111111111111111111111111111111111111111111111111111111111111111111111111111111111111111
11111110001111111111111001111111111111100011111111111110011111111111111000111111111111100111111111111110001111111111111001111111
00000000000000001100000000001000000000000000000011000000000010000000000000000000110000000000100000000000000000001100000000001000
00000000000000011100000000001000000000000000000111000000000010000000000000000001110000000000100000000000000000011100000000001000
11111111111111111111111111111111111111111111111111111111111111111111111111111111111111111111111111111111111111111111111111111111
11111111111111111111111111111111111111111111111111111111111111111111111111111111111111111111111111111111111111111111111111111111
11111111111111111111111111111111111111111111111111111111111111111111111111111111111111111111111111111111111111111111111111111111
11111111111111111111111111111111111111111111111111111111111111111111111111111111111111111111111111111111111111111111111111111111
11111111111111111111111111111111111111111111111111111111111111111111111111111111111111111111111111111111111111111111111111111111
11111111111111111111111111111111111111111111111111111111111111111111111111111111111111111111111111111111111111111111111111111111
